12616
11366
15521
15225
13443
13948
15148
17568
26073
27769
38127
23714
16675
12402
10874
13517
13270
22961
16078
12592
14634
10953
10462
11528
9969
13283
12527
11759
9777
10458
14341
9706
12490
13247
11766
13610
16417
16866
14892
13281
20474
21961
22509
31389
36932
26238
27053
25024
32669
33994
27981
22970
29897
22939
25371
20595
23618
23132
22379
26546
23855
20524
17149
16500
16876
17958
18145
19944
19362
19036
21293
16839
17497
17122
20370
19588
19089
18344
17536
16335
17341
13415
14976
11859
11757
13943
14613
14595
13822
13603
14237
12369
13957
11688
15142
13079
14978
14637
12784
10788
14117
11724
14168
16202
14143
10125
13319
12411
15236
14260
16672
13605
14292
14066
17995
15387
15141
15133
14555
14477
15354
12805
12677
10081
11193
8411
9409
11704
11243
11434
12958
10437
11778
12086
13031
11692
10768
11272
13475
10041
11132
12171
9841
6757
9860
8879
8050
11671
10402
11990
10539
10377
9028
10355
9798
11596
9213
9384
11267
8615
9107
10625
10533
8976
11803
8429
9058
9849
10266
10731
10619
9225
8896
10388
388
7871
9807
7747
10755
11729
10949
8787
9581
11496
8572
12400
8723
11606
8392
7845
7704
11318
8318
10317
9861
11634
11711
13471
12970
16669
17174
16320
17616
15998
17248
16793
17748
17560
27728
31996
27447
37983
29994
23739
24521
30394
40356
33590
28293
30212
28662
24069
21000
25880
50899
28328
30157
38846
48094
26197
28397
22013
23780
41060
42986
35279
141098
24580
28696
25808
24964
25802
32030
25534
23746
15674
12732
12473
13408
14035
17626
20188
17755
19125
21420
18010
19286
18811
18653
19595
20061
15511
18393
23982
24250
18923
19011
12193
11191
11491
11106
16028
16624
19188
24413
24992
15083
10668
17018
8633
9100
10926
6692
7584
11304
8349
7509
12183
8410
9831
9335
8728
7932
8717
9867
7057
7854
9858
9698
9671
8538
10540
8071
10366
9683
9440
8075
9108
10538
8579
8601
10257
9380
9798
8162
9277
6752
9017
10745
8596
8685
9747
9270
8046
7032
10314
7772
8158
11077
10148
11070
3108
6974
9591
10510
9876
7922
7714
8058
8898
6944
8810
7477
8413
7728
5616
8015
7716
9991
7291
7175
7406
7685
8310
7194
6325
8986
14524
22695
